time,x,y,z,phi,theta,psi,x_velocity,y_velocity,z_velocity,phi_velocity,theta_velocity,psi_velocity,rotor_speed1,rotor_speed2,rotor_speed3,rotor_speed4
0.04,-3.12823480784695e-08,9.611602795377576e-11,0.0027609088495564415,6.28317999521186,0.00012073068978946111,0.0,-3.1282348078469505e-06,9.611602795377575e-09,0.13804197714268307,-0.0005384711269804655,0.00971425869137333,0.0,468.2390090021383,469.3709701730001,470.5006003018017,470.4380771784279
0.08,-2.0286337482216096e-06,-5.347067136051717e-08,0.011358009014638903,9.671395869403909e-05,0.0006080013716145416,0.0,-0.000124409069702772,-2.4841932158366656e-06,0.2917984754675969,0.009365956298623374,0.017906457464614913,0.0,476.35651585755096,477.29497643667605,475.75310061211997,476.8890289673099
0.12000000000000001,-1.3202261673771674e-05,1.1275073906333436e-06,0.024060495948001907,0.00043052800718612616,0.0012890565635208517,0.0,-0.00047422215752724174,8.261562759527498e-05,0.3433177735801762,0.00475106663943748,0.014005908964322487,0.0,429.27598499752554,428.77923300192947,430.71574616429695,430.12989190404716
0.16,-4.6628407524982084e-05,9.457132876924075e-06,0.04058117989937681,0.0005248184983974724,0.0018764042725347707,0.0,-0.0012343943445830444,0.0003561498252682913,0.48268944067555325,-0.019366998466826733,0.016554604029241853,0.0,470.09891167512535,470.39488828671114,471.869685689451,469.0690970894993
0.19999999999999998,-0.0001153512280568422,2.7968176477081064e-05,0.061901333848838745,6.2828512421094365,0.002465510116717695,0.0,-0.0022439278213710365,0.0005238906589546731,0.5832924039006856,-0.03141646473700501,0.006932129797376272,0.0,452.8836614999692,451.7212959632331,454.4319143068886,452.98099007353534
0.23999999999999996,-0.00022807494597077912,4.451204007260126e-05,0.08656990726534404,6.281495060141253,0.0027139111567420215,0.0,-0.0034082651843773057,0.00023613893608068749,0.6501160641512834,-0.05000502360030314,0.0037981045869032257,0.0,438.04363090554165,437.6524852281232,437.9630228655334,435.6374572079544
0.27999999999999997,-0.00038984069980401695,3.594681131439369e-05,0.11401430527475342,6.279445429794347,0.003045527322433017,0.0,-0.004691399250747583,-0.0007799661104167311,0.7220794823458833,-0.05578093156891447,0.017246204294455666,0.0,438.7020533769231,440.37348555575795,440.50927663937955,439.79062876035636
0.32,-0.0006100948032285686,-3.6985462686325206e-05,0.14543448110362647,6.277231532422851,0.0036412248460901964,0.0,-0.0063696536021267056,-0.003011204377355704,0.8488807433002586,-0.054116529880976,0.0020840626403603076,0.0,465.8307164282324,464.0489893756141,465.27308063364103,465.4665583048133
0.36000000000000004,-0.0009036098366578309,-0.0002233901257513895,0.18214077367788095,6.2751478960441105,0.003827261609068877,0.0,-0.008312587643473595,-0.006451224345593572,0.9863723876945638,-0.04720839061127223,0.010556980100261931,0.0,470.92901844103494,471.9108696553996,468.3736059076869,469.1770750529671
0.4000000000000001,-0.0012735276741338618,-0.0005608695260504859,0.22335867578301888,6.2735021947795495,0.004551786843006056,0.0,-0.010214568953815804,-0.010531437767889965,1.0744774905073715,-0.030188955238373727,0.030668894235667602,0.0,447.62371933648916,450.0716558127808,445.9999785802713,448.078926246377
0.4400000000000001,-0.0017295655908551645,-0.0010809754538861538,0.268548952396192,6.272199403225699,0.00567854279282809,0.0,-0.012670294113534857,-0.015545323361415073,1.1849747079632635,-0.04581492963379358,0.010901466410989798,0.0,459.39736332958915,457.0406106416317,459.51805645618794,457.6560032313008
0.48000000000000015,-0.0022961224932482142,-0.001819637740209139,0.3185195845907413,6.270432368554776,0.006082792547696059,0.0,-0.015685696532640785,-0.021505692483760552,1.3134777394282828,-0.040081378247769674,0.007417033870480886,0.0,466.17060756758093,465.7619333887055,467.1795419393221,467.84855080720166
0.5200000000000001,-0.0029919120212460334,-0.0028243682594547123,0.37436688706872806,6.268903788177036,0.006285432763320387,0.0,-0.019127766156394627,-0.028840418992650056,1.4787746887540218,-0.033649059100675206,-0.007702852488179994,0.0,484.51118731260294,482.80317446779094,482.3033465960538,483.0308396432764
0.5600000000000002,-0.0038057685838171476,-0.004090667274460836,0.43346824189618094,6.267501147262973,0.006096653855329315,0.0,-0.02155118829835217,-0.03453959812245269,1.476293922557752,-0.04048406537454572,0.0019172143469947736,0.0,404.51512199954203,405.8124556867257,405.13683703007956,404.2133517266261
0.6000000000000002,-0.004723978372896616,-0.005618347048102922,0.4938672874410293,6.265886666378876,0.006207563316860565,0.0,-0.024363554906899773,-0.041936650550463146,1.5436070000493118,-0.04000177223504602,0.005088054596652838,0.0,439.56199742230876,439.9558855172747,438.9107636861915,438.9699298895375
0.6400000000000002,-0.0057605420237818875,-0.007469806993281009,0.5577058473831082,6.264254595885447,0.006331764791284833,0.0,-0.02747861875835521,-0.050734139378601946,1.6482377504133137,-0.04350872758478785,-0.005817922321078129,0.0,457.024010550703,455.718339022077,457.6171471689904,457.19743075674126
0.6800000000000003,-0.006925688617822568,-0.009699646077697435,0.6262558331663147,6.262576819320753,0.006067806415306798,0.0,-0.03076300330187002,-0.060869074483560555,1.77915041421912,-0.038008543028201634,-0.009233846616162524,0.0,468.72116327657,468.3229321305699,469.2065684135074,469.84572816278416
0.7200000000000003,-0.008210783389623943,-0.01232230526459083,0.6986065669349084,6.261119666699816,0.006082963741452119,0.0,-0.03347872360673834,-0.0703481971142586,1.8383318981358987,-0.03245995611261568,0.014789693330254402,0.0,435.0201834282257,438.02706402688744,435.99933119154247,436.69344504553993
0.7600000000000003,-0.009614716527830794,-0.015369576455935549,0.7747909932037366,6.260047498440752,0.0069519014370156285,0.0,-0.03676182113487279,-0.08209356934459602,1.9707645466640442,-0.0163369819200974,0.03364031341337648,0.0,469.58897367706834,471.7770877549085,468.98753478374516,470.8618965792524
0.8000000000000004,-0.011152171566204959,-0.018871653085192005,0.8551747279418066,6.259494532644883,0.008388166762794746,0.0,-0.040190297127070916,-0.09304590552367253,2.048344174867918,-0.00801652612064415,0.041255110406322855,0.0,445.1152016076547,446.0494773907157,445.5398189055127,446.55910525560427
0.8400000000000004,-0.012820266621204317,-0.022760483345495075,0.936294608485993,6.25918852366604,0.01005123641392025,0.0,-0.04328740669293092,-0.10141072492678642,2.007689461885159,-0.006601374628389053,0.042502552501824976,0.0,387.32633465308857,387.50346634051715,386.38733488116026,386.58750182199566
0.8800000000000004,-0.014646564807816382,-0.027038849013976678,1.017986218949073,6.258895153069648,0.011707645499819286,0.0,-0.0481252458044575,-0.11252105947386659,2.076820173759234,-0.009786622459844978,0.037511065052333946,0.0,442.9621450581344,442.34695284710415,441.53937712312637,441.14516226604695
0.9200000000000005,-0.01668166890039613,-0.03176481174016559,1.1024572292126193,6.25842067144092,0.013115390361535084,0.0,-0.053718884109694665,-0.12379602822432857,2.1466561247753657,-0.021544168713992153,0.02292125986600551,0.0,443.43318805283974,441.6323395353746,443.3959764312339,441.9448890380676
0.9600000000000005,-0.018945905486970265,-0.03693368788495243,1.189198071656027,6.2574679112609495,0.014156642046613932,0.0,-0.05954368177424341,-0.13469102444292513,2.190337224528701,-0.035538890675908506,0.03288086639322276,0.0,428.7465390455559,430.0140273963911,432.3007460655613,430.52820335887543
1.0000000000000004,-0.02145519312991347,-0.042551788958287505,1.2778574795035267,6.256125245433918,0.015371960935265605,0.0,-0.0659982230991334,-0.14629100432118364,2.242572575641034,-0.028789483903025537,0.01351209228065169,0.0,435.94883398789966,433.51477962727154,434.26999203301557,435.1178486711763
1.0400000000000005,-0.024259691467473754,-0.04869333300636969,1.3703624927110605,6.255084092236565,0.01582999815915631,0.0,-0.07426249984090535,-0.16085729302544374,2.3825172888325925,-0.019777770135332648,0.001891443249005251,0.0,475.40120966773947,474.0636512754959,475.01933354503643,476.0546411678543
1.0800000000000005,-0.027351702313535564,-0.05534400598277419,1.4654805725444784,6.254335328447915,0.01598787419709602,0.0,-0.08034246756252056,-0.17171456250090214,2.3733957038831544,-0.0159160470714053,0.008889236965652896,0.0,404.8034785132669,405.7468564860037,404.7224772426646,405.2435038663954
1.1200000000000006,-0.030712636715472995,-0.062478247307903,1.561743154821949,6.253620165704145,0.016486208925324597,0.0,-0.0877252166060186,-0.18503028998378387,2.439653175574621,-0.026646078616187903,0.020051046447475268,0.0,441.4429434632021,442.8221998003407,442.92474662576774,441.59916882249104
1.1600000000000006,-0.03435165212174304,-0.0701123002792988,1.65931166678711,6.252631894785242,0.017390720186424957,0.0,-0.09426575267276355,-0.19672420276836364,2.438770519885436,-0.019995169886647332,0.028509068124693046,0.0,408.8479410580321,409.9768042082902,409.42524094702645,410.3117094602435
1.2000000000000006,-0.038280653378845717,-0.0782578502122607,1.758027659322336,6.252037726112281,0.01844248158845918,0.0,-0.10225743264831179,-0.2105932384597925,2.496955134734196,-0.005030378921307946,0.0017526161599699733,0.0,440.43069128114854,437.0988131687198,437.68440890110804,439.5486557755796
1.2400000000000007,-0.04253395471526143,-0.08695710296621142,1.8588833489111687,6.25179845582737,0.01856718737976859,0.0,-0.11041079008840483,-0.22437869186841508,2.545767692153728,-0.009289465837906187,0.006620484847348037,0.0,434.3876387072424,434.99945087092385,434.5648111564482,434.0290729227697
1.2800000000000007,-0.04713106064085412,-0.09623767032655432,1.9625674831843278,6.251374661099643,0.018983294209842683,0.0,-0.11946053160803359,-0.23966826371611738,2.6383196418396055,-0.015464275260387407,0.018324615740462773,0.0,454.5483974503534,455.9530031658604,455.5967936842007,454.85578240797173
1.3200000000000007,-0.052079761332259736,-0.10610920695078774,2.0691684478518892,6.250665635008872,0.019780909840348748,0.0,-0.12801453872405621,-0.253938474088187,2.6916559391100705,-0.02928358369167255,0.02398615250208641,0.0,437.1561868565482,437.86321757504595,438.07463424535507,436.3476245136873
1.3600000000000008,-0.05739784355559159,-0.1165911197585251,2.1788992293672353,6.249407613168728,0.020739931747754348,0.0,-0.13794631703959323,-0.27022296145021685,2.7947399323032305,-0.04198048153721091,0.02394369075319958,0.0,460.2864078923915,460.28141526988514,461.9674423650333,460.46290005353677
1.4000000000000008,-0.06311336870585227,-0.12772235387019365,2.2923044704665245,6.2478171054747484,0.02166034952958018,0.0,-0.1478845760422419,-0.2864336265296896,2.8754038233172547,-0.0345067338776299,0.019776877266496257,0.0,451.855534254653,451.3514199116377,449.98412704622734,450.88991732365935
1.4400000000000008,-0.0692530178458496,-0.13954603978141555,2.4097596563421306,6.246354870711512,0.022351590437900803,0.0,-0.1591509186854309,-0.30483132103152044,2.997174546493375,-0.04601009878036224,0.0005999056525054173,0.0,471.51316388131795,469.2855475815789,470.43152302083456,469.0929405545051
1.4800000000000009,-0.07583384618584747,-0.15209555726268195,2.5313904149519324,6.244707113703454,0.022299071798156156,0.0,-0.16989076534790531,-0.3227473091356573,3.0842276028273203,-0.031797424904294866,-0.009708611920478477,0.0,455.2079168452194,453.96889159538745,454.7112287361534,456.4149559536599
1.520000000000001,-0.08286790880003221,-0.1654197267683043,2.657608972360945,6.24348031383299,0.02188950987243743,0.0,-0.1817817919414281,-0.3435378399586484,3.226476268487794,-0.02770646990373407,-0.011956713249955606,0.0,479.36330681888876,479.10712077049993,480.9431817535756,481.4074930424406
1.560000000000001,-0.09036810209410862,-0.17957925589721774,2.7892862743099927,6.242281527283222,0.02142024908223128,0.0,-0.1931922172527197,-0.3645000750348238,3.3571742227761106,-0.041547019433121196,-0.011075361854098733,0.0,475.8239480579785,475.92527989781166,476.8294203245939,475.24047964174315
1.600000000000001,-0.09829757017826138,-0.19454774579351858,2.9251468222960524,6.2406618580096485,0.02091545779106596,0.0,-0.2032533751678031,-0.3840170849551578,3.435716387314643,-0.03769695849986548,-0.018710250990520653,0.0,454.3860401956792,453.46710294923906,452.4284632058893,452.8923895776922
1.640000000000001,-0.10662243407397537,-0.21030787621246327,3.0640503892136346,6.239083794981635,0.020069142504894444,0.0,-0.21294810737391356,-0.4040712433892198,3.509331137859452,-0.046774101122721054,-0.03580905780076233,0.0,451.967390497948,449.89536948654455,452.66598086823956,451.56814066193925
1.680000000000001,-0.11530394780878384,-0.2268354156481009,3.20477051077681,6.237194315927233,0.01855294303176347,0.0,-0.22105576574195607,-0.4224007338442874,3.526639834657173,-0.0487199370589356,-0.047764650421505454,0.0,425.4501006343673,423.9109595489932,425.8255977267666,425.57437823369804
1.720000000000001,-0.12432830242257872,-0.24418984636105162,3.34787187572917,6.235145482686953,0.016624771842002062,0.0,-0.23006354456554645,-0.4454272446698323,3.628243844365739,-0.068824764159425,-0.0859298861573633,0.0,467.46749731698145,462.98267948741494,465.74593801792815,463.3793979563994
1.7600000000000011,-0.1336695362324048,-0.26242074612417754,3.4936721777552555,6.232357285530721,0.013306560438097748,0.0,-0.23681594478430765,-0.46626172824092915,3.6617045182165127,-0.07272460780208133,-0.07633578522604345,0.0,433.30147289566906,434.5038144910927,434.1513008397511,433.6563388334264
1.8000000000000012,-0.143257989673181,-0.28152808899304854,3.641182191028091,6.229577851400542,0.010543201333249819,0.0,-0.24244165389186143,-0.489261216890352,3.7136927588843323,-0.062424590449806514,-0.05683797644412589,0.0,441.01671523130796,443.4219976505603,443.13075943174204,444.39529245823195
1.8400000000000012,-0.1530295489120263,-0.30148422232782074,3.788999719014677,6.227032446751263,0.008339559502061,0.0,-0.24603663671471243,-0.5086605179282349,3.677242808789406,-0.0680589982509639,-0.050771530798963606,0.0,399.1433587741163,399.9705861348213,399.8667934016637,399.09258569634187
1.8800000000000012,-0.16296761601258758,-0.3225007383677176,3.940062849883169,6.224214136122573,0.006370975959626435,0.0,-0.2507147159749567,-0.5423414468275544,3.8755338687674334,-0.08401307706605672,-0.04529460416325701,0.0,508.60993115418376,509.1968131674257,506.9857506055371,505.2600003428061
1.9200000000000013,-0.17305731161944526,-0.3447767664150905,4.097002783586369,6.2211817128548965,0.004469037150791166,0.0,-0.2536615586843459,-0.5716474801351793,3.9712623719269056,-0.06263505777644313,-0.05901175591584888,0.0,465.3480987512924,463.7332047698161,463.66127921838563,466.16924803433864
1.9600000000000013,-0.18325082136926613,-0.3683308088264639,4.259011067847404,6.219429510437582,0.002106018436770718,0.0,-0.25585072053285424,-0.6061828460048861,4.128826125796051,-0.024218335344772014,-0.05926819327599449,0.0,492.9177493391363,492.88725326341364,489.8693887893122,494.1344106061603
2.0000000000000013,-0.1935022351434495,-0.3931526772310839,4.425265498974421,6.218578906213136,6.283080915015683,0.0,-0.25658965723127336,-0.6349577174013135,4.18377636304623,-0.014680265122319285,-0.04700104900686746,0.0,446.54227494496826,448.0387962314306,448.0306622303666,449.1924673059474
2.0400000000000014,-0.2037646220059083,-0.4190115161902824,4.591842357659959,6.217893613596047,6.2811491783754025,0.0,-0.2564471995988755,-0.6580138545334488,4.145142154255347,-0.03190536843314487,-0.05309912826906614,0.0,401.920151962764,401.0884511471464,404.36972042166553,402.0351683141634
2.0800000000000014,-0.21400301914305733,-0.44592554638378984,4.758813422492408,6.216751127917961,6.278955183035558,0.0,-0.255354741214479,-0.6877516237777993,4.203282573790344,-0.021329543484636223,-0.0621468917373555,0.0,448.58801454020903,447.48245766323214,450.5354873618469,451.81614342129484
2.1200000000000014,-0.22417323839649483,-0.4741025428214551,4.929060638775038,6.216140857554429,6.276550681330823,0.0,-0.25300354172542944,-0.7211338593743618,4.308849312677981,-0.004294061319401505,-0.05521299727598865,0.0,470.8890796854889,471.6906763650338,470.9667945859698,472.9392987217861
2.1600000000000015,-0.23423512570696164,-0.5035300279281067,5.102185213963546,6.215873052371583,6.274321839342342,0.0,-0.24997274051063775,-0.750238728248681,4.347293322848116,-0.028272544878417533,-0.05736001570752339,0.0,441.740213874317,441.4724113271632,443.25435663763454,440.28838572304454
2.2000000000000015,-0.24413740878837395,-0.5342669454294348,5.2789396665864246,6.214784954902205,6.271930544431289,0.0,-0.2449955010683999,-0.786663373574894,4.490107718561472,-0.024372625523039194,-0.07381456122049557,0.0,489.6531953725894,487.8110954585941,488.97793843245455,489.41346404102285
2.2400000000000015,-0.2538206617721487,-0.5664341933362356,5.460845264744471,6.213832064771264,6.268879560358172,0.0,-0.2389880716355719,-0.8217450946513096,4.6049042454259475,-0.022280663395187816,-0.09124511321562592,0.0,479.10104406591677,477.104389939483,477.6776081312976,477.9168411491146
2.2800000000000016,-0.2632390911265991,-0.5999799255883632,5.646842869543633,6.2128707677859865,6.265284802092673,0.0,-0.23171720663511322,-0.8555818123820708,4.694759046175629,-0.03133807637004973,-0.0863429873730914,0.0,467.5632967796248,468.1295453945016,468.3958833001499,467.33794003791905
2.3200000000000016,-0.27236803261331316,-0.6347518389047634,5.834488449086647,6.21196470750302,6.261958544952876,0.0,-0.22456483236946673,-0.8830715984692807,4.6875259345572715,-0.009032177727165094,-0.07618148859978764,0.0,423.1109927866722,424.4152805959285,420.8207182773899,423.7072620135815
2.3600000000000017,-0.2812008245159741,-0.6705800074497934,6.021143515155349,6.211527485464849,6.25894343906576,0.0,-0.21693948139104735,-0.9083613929085893,4.645318116062371,-0.01922079039776039,-0.07319062801156533,0.0,405.0190513154405,405.41732797243725,406.05113965452693,404.67768317184164
2.4000000000000017,-0.2896536316827775,-0.7075813796768099,6.208304785985,6.210658681379918,6.255924650715949,0.0,-0.2055462180212675,-0.9417373514441988,4.712578333663551,-0.038824741551265626,-0.09916275821557219,0.0,459.70908578025904,456.6063564820687,459.1720637713935,456.8329516191026
2.4400000000000017,-0.2976419143330905,-0.7458740266846884,6.397424638657327,6.209162665600029,6.252114149878468,0.0,-0.19366225841265614,-0.9729736484473988,4.743325252716631,-0.03376738479474273,-0.08716503104633487,0.0,440.22731662641115,441.7061675025345,442.12974641236156,442.75371688507045
2.4800000000000018,-0.30515701046939897,-0.7853491481955831,6.586698767396097,6.207723189107645,6.248548583535598,0.0,-0.18193119793792736,-1.0008492733658916,4.720420147894895,-0.047063681268114714,-0.09798387659983057,0.0,416.1764634774853,414.7460160908461,417.04741058778905,415.3007060935674
2.520000000000002,-0.3121895507622155,-0.8259221485459024,6.7746761990213775,6.206002716345132,6.244533735369849,0.0,-0.16952714316216266,-1.0278911842263205,4.678531189345741,-0.03468741290288991,-0.12227752644296344,0.0,408.2727871316733,404.9973299303854,404.49080080320084,406.15814778570643
2.560000000000002,-0.3185620196401099,-0.8678540551616027,6.9643971325626834,6.204537625890914,6.239629297426847,0.0,-0.1487897625405316,-1.0687714854490993,4.807188303289228,-0.04521781677576932,-0.1236581847409963,0.0,486.1280984068913,485.96066958447824,486.34314343376485,485.15797339370744
2.600000000000002,-0.324163426705366,-0.9112420404785749,7.1567886576790425,6.202727738762647,6.234949671114926,0.0,-0.13103957363081015,-1.1007188012289286,4.812350747491975,-0.045335590939783496,-0.10536393962094125,0.0,429.01890940447606,431.3296524114798,430.9488052130263,430.9326149437936
2.640000000000002,-0.32894947421427995,-0.9560362885908176,7.350787957845352,6.200922026123038,6.230686090362521,0.0,-0.10802570213062744,-1.1390869698158503,4.887404313168491,-0.04457892068042515,-0.11108090217083225,0.0,463.9758916100887,463.292569014653,463.35485600801155,463.443000852577
2.680000000000002,-0.33280465111947216,-1.002336262068322,7.547225990955666,6.199107936721489,6.226142760321299,0.0,-0.0845005327617735,-1.176002139832914,4.934352562971194,-0.04795692820153205,-0.13107093108317106,0.0,451.9976184946043,449.56238177018986,452.1968188872581,451.787244841211
2.720000000000002,-0.3357366122239021,-1.0500436205274783,7.744523471859236,6.197197548486994,6.220904781978835,0.0,-0.061842268142609846,-1.2094618128887313,4.930498768924439,-0.04718313697959659,-0.13059105629313764,0.0,427.4617240536302,427.5065914807201,427.79235288689455,427.88971036490307
2.760000000000002,-0.3376472963958145,-1.0992063351314527,7.942839589860446,6.195273840707282,6.215606707575123,0.0,-0.03342104612930379,-1.2487693962045554,4.985134491019574,-0.051230148932972945,-0.16073779904003366,0.0,457.0774032136835,453.4414670414867,456.16337751410066,455.6769404008427
2.800000000000002,-0.33843498648441284,-1.1498782860269674,8.1424215356943,6.193324171085191,6.20945904865645,0.0,-0.005647086224178161,-1.2849297438716478,4.993898927304501,-0.04297969329646915,-0.14166201857024513,0.0,434.56201390752034,436.930797723354,432.8850737837514,433.92381287338566
2.840000000000002,-0.3380328012101018,-1.2020488185265934,8.342752236901271,6.191689474678721,6.203993517306166,0.0,0.02604665517763477,-1.3236822163543966,5.022521738319874,-0.03581489730769158,-0.1269710471540646,0.0,443.8448125387224,445.63234976926117,443.47814650834795,444.35925983760416
2.880000000000002,-0.33639120751831675,-1.2556986587366148,8.543301722966882,6.190579352762546,6.198853756366518,0.0,0.05627433225689098,-1.3588786110361375,5.00495848312349,-0.014707484698812006,-0.13446175686224301,0.0,422.5163976763109,421.53024864176723,421.25629664914857,423.985305809071
2.920000000000002,-0.33338611891869946,-1.3108899582886973,8.744492484382503,6.190007301435514,6.193497276638599,0.0,0.0942670793837754,-1.4007105977265135,5.054413806868943,-0.013143829183530345,-0.13237293021622165,0.0,454.6314980001644,454.86642967680365,454.1674231362995,454.35564660341754
2.960000000000002,-0.32880283115782155,-1.3677715379332076,8.94777737883717,6.1894967900670395,6.188125529040381,0.0,0.1351799217890598,-1.4433880769105556,5.10964659679988,-0.011673694719151442,-0.14273405125493757,0.0,458.03328761796604,456.77915905184096,458.08211502298684,458.25758958089256
3.000000000000002,-0.32250930555221435,-1.4263895638042796,9.15352372234583,6.188930432902188,6.182404506894834,0.0,0.17980848279349512,-1.4875221432492676,5.177447190891599,-0.03013091128693008,-0.14393543581996437,0.0,463.4225727937552,463.26271354146076,466.1737725632051,464.00513924480185
3.0400000000000023,-0.314465033536712,-1.486698870457584,9.361121272361942,6.187701223693033,6.176650527921012,0.0,0.2226989821995509,-1.5280022684119126,5.2023101507761025,-0.03269192605758508,-0.14359469509477413,0.0,446.55479653754884,446.57728598825753,443.83926218365184,443.523498608738
3.0800000000000023,-0.3045656387011363,-1.548719260127199,9.570550110109117,6.186329095070715,6.170864428425517,0.0,0.27258112489987824,-1.5730764142204563,5.268893075238696,-0.04076599064475985,-0.1484003530251307,0.0,464.8287861278528,464.2448462262843,465.828023839409,464.87940461051346
3.1200000000000023,-0.2928211706874291,-1.6123821174632036,9.780847182149468,6.184651451475592,6.164976685875153,0.0,0.31492281495561864,-1.6101492878065098,5.245959138721693,-0.046205253580673296,-0.14404917540752984,0.0,423.0175923295411,423.5578369213315,423.55160197294083,422.8481409910093
3.1600000000000024,-0.2790993504035162,-1.6777392022076627,9.992219714208941,6.182717572015266,6.159428276733324,0.0,0.37147749604810715,-1.6577915775108218,5.322386714404494,-0.058628473374990046,-0.12863906150761828,0.0,469.14999249431173,470.92452038550744,471.3243728081431,469.8803677164828
3.2000000000000024,-0.26306217073270627,-1.7450223353135592,10.206651697879009,6.180421379630786,6.154328832495979,0.0,0.4306557958374697,-1.706481284926258,5.398922234604676,-0.05422049044213971,-0.12446498312939855,0.0,471.19766274387234,471.66768202017283,471.0809497232876,471.58995309496896
3.2400000000000024,-0.24466033972083076,-1.8142349313532302,10.423750160093258,6.178180189680109,6.149304495461761,0.0,0.4896930654890413,-1.7542532764102048,5.455761911409916,-0.06370402986321214,-0.12972873354355352,0.0,463.4719684687131,462.8371823133799,464.4063325691784,463.28696572153143
3.2800000000000025,-0.22402400184179966,-1.885245362181152,10.641844305622923,6.17560302366449,6.144017278655539,0.0,0.5423707414309714,-1.7963929431766892,5.44888006997225,-0.06685140206636568,-0.1468812167602282,0.0,434.8603112756118,432.6822246735328,435.00155415425127,434.60280872750536
3.3200000000000025,-0.2012709692693066,-1.957937224612997,10.859426872711337,6.172883338545777,6.138072346388256,0.0,0.5955590144189596,-1.8383296327727212,5.4302072552382015,-0.07210223182831707,-0.1558590603945577,0.0,429.2937380633734,428.1274801291169,429.1369549730546,428.46404976114013
3.3600000000000025,-0.17597421883516917,-2.032606401893978,11.078763753158043,6.169899248634081,6.132124666417802,0.0,0.6696143023267701,-1.8952669166437122,5.536221056208262,-0.09162668688790286,-0.13653670333832935,0.0,484.92153929234183,487.07490233207386,488.8054671592416,486.6135895562964
3.4000000000000026,-0.14812904995924744,-2.1092332540213925,11.299257486813401,6.166464892612989,6.127038140911514,0.0,0.7228894115477565,-1.9362435798183522,5.488496256159942,-0.0752588468841342,-0.11295616526344643,0.0,414.09809187549735,417.1816763359815,415.0564351959774,417.1991544123809
3.4400000000000026,-0.11786130088907913,-2.187712811843363,11.519448026979559,6.163462205834765,6.122526701381815,0.0,0.7907181315531425,-1.9878814674397667,5.520829520013287,-0.07450650357899885,-0.11228695778174039,0.0,455.1850598807033,455.2544249874977,454.6632726918418,454.749414397974
3.4800000000000026,-0.08503037652031674,-2.2681449882074394,11.73977037438883,6.160395588925194,6.117966276996519,0.0,0.8510387672495696,-2.0338696911168443,5.495254594501486,-0.08710891612688804,-0.12113437288336551,0.0,428.04887675583944,426.9055006835054,428.7938932772577,427.1795823587471
3.5200000000000027,-0.049242708842357694,-2.3508149016414874,11.962084812365296,6.156820552752672,6.113024497771367,0.0,0.9385813067472382,-2.09979900456374,5.619970241218072,-0.10098701088122743,-0.1449911597967783,0.0,498.63369173296223,495.99926199892667,498.0901024835601,496.55918048079775
3.5600000000000027,-0.010145592809708302,-2.435980133108945,12.187963950539553,6.152685544890449,6.107138300971002,0.0,1.0165597408847176,-2.158657156286356,5.673676800194368,-0.11672625592303577,-0.1576353575923537,0.0,468.04570506594683,466.54754527153693,468.86808855763456,467.02091941284044
3.6000000000000028,0.031731169872996554,-2.5232499430307436,12.413795997680632,6.147934014376375,6.101063432431598,0.0,1.0775599117693995,-2.2050421432000085,5.617940656516449,-0.12834140003741376,-0.1412792795806328,0.0,415.0829661023731,417.2070021961453,416.07075453592137,414.5282192537037
3.640000000000003,0.07637856806529107,-2.6126200980305256,12.638939841146577,6.1427004132463345,6.0954265403031265,0.0,1.155078237244559,-2.2637063745543067,5.6390168988968155,-0.14916336457382368,-0.13989975282139006,0.0,453.40459303555895,453.5528060503158,455.0459157691335,452.522199518895
3.680000000000003,0.12432421707581907,-2.7044920165508426,12.86569293772688,6.137115897974663,6.089910772153161,0.0,1.2424711332760452,-2.3301789657883805,5.698262465288043,-0.12525990908546872,-0.1330532910508914,0.0,472.05199224132826,472.8275074679708,470.719766904582,473.46901881074587
3.720000000000003,0.17569871381666446,-2.7989853125254553,13.094210081924963,6.13208980211154,6.084586752842267,0.0,1.3265007598900174,-2.3947244532807153,5.727317773004691,-0.12689593587334397,-0.13324285301375544,0.0,459.327671223575,459.2894406107631,460.1340112532402,459.92586959451444
3.760000000000003,0.23027053926442045,-2.895946571313656,13.322850068272459,6.127038624095837,6.079202112155386,0.0,1.4023322168131662,-2.453571132880787,5.704563720165513,-0.1245668174495497,-0.13981007426735642,0.0,435.7439545689792,434.9022682425208,436.035519322349,436.31249246870163
3.800000000000003,0.2877932381529772,-2.9952073071692795,13.54998297505647,6.12207412410277,6.07358373238608,0.0,1.4740388359351526,-2.509690371357796,5.65205503463219,-0.12282617710446912,-0.17704420436034363,0.0,423.40607551748263,418.549828552344,421.3219974507584,421.53282700303225
3.840000000000003,0.3484635312827623,-3.0969273877620127,13.776106906998644,6.117093969688854,6.066520994376262,0.0,1.5598030512340821,-2.5765363428016994,5.653908547610084,-0.1313481775905525,-0.17522524955753457,0.0,448.45943628404547,448.65131956666374,448.9090817725193,447.85631956730145
3.880000000000003,0.4123044168859304,-3.201123584994283,14.000875619743185,6.111780081229446,6.059597221510307,0.0,1.6325470428961248,-2.6335032362130875,5.584518698357316,-0.13868659255615667,-0.16800874594988946,0.0,412.5092085350226,413.432836194222,414.50289453778475,413.5163859333647
3.920000000000003,0.47943854177200074,-3.3078873974803287,14.224314408755749,6.106572929895691,6.053086642662754,0.0,1.724459840551963,-2.704932569517382,5.587161607700973,-0.11672507191971815,-0.15281403789986997,0.0,448.54346837241064,450.36568030018924,449.0305082243262,451.67948916417055
3.960000000000003,0.5504853242281109,-3.417687704453171,14.448613832880469,6.101943676539056,6.047030457231564,0.0,1.8281511222226587,-2.7852921304659715,5.627429824026596,-0.1130833725604392,-0.14780646484845678,0.0,468.8118212005899,469.37491018828257,468.21938261474094,468.63301848739826
4.000000000000003,0.6254042449137532,-3.5304970364663686,14.673167486676064,6.097321478817545,6.041168567002279,0.0,1.9180526406751643,-2.855373968456504,5.600095504016924,-0.13087237422582654,-0.14328375007598249,0.0,437.95459837589965,438.4981571338056,438.0074854978227,435.7694835015055
4.040000000000002,0.7038552386913497,-3.6460651444874985,14.896187069489422,6.092082507940972,6.035525934571982,0.0,2.004743682898298,-2.9232632506298697,5.550783269013431,-0.13128397881712311,-0.13581202862681102,0.0,427.3856069166017,428.3205698579855,426.3132449649792,426.24393345310307
4.080000000000001,0.785905443473879,-3.7644558766378924,15.117578009722497,6.0868325721521686,6.030078648587812,0.0,2.09799630763566,-2.9965062545612775,5.518598438278345,-0.13114222124925057,-0.13735084858075633,0.0,436.9895059795166,436.7795070288607,435.5397509485208,435.54134289683645
4.12,0.8722503443388903,-3.8862118297311223,15.339650747972787,6.081801309359021,6.024866675673721,0.0,2.2194602609670175,-3.0915190992309936,5.584526392957922,-0.11568260953754447,-0.11826337407488968,0.0,482.4090778545889,484.55202447727737,483.43437723379566,485.1655854218374
4.159999999999999,0.9634857319070415,-4.011803470281537,15.564283703458793,6.077339273845583,6.020039185613513,0.0,2.342472422525374,-3.188257447721395,5.646628256054075,-0.10311194437211854,-0.13472698851660467,0.0,484.88883195200424,483.01742090075703,483.29863265787947,484.7079260360009
4.199999999999998,1.0596366598237852,-4.141268735237708,15.791201377587818,6.073241142247516,6.014771724227714,0.0,2.4652746929478906,-3.2851714806780214,5.698777196293299,-0.10063208013055115,-0.12495684351599336,0.0,481.5363298035465,482.62933686020534,480.2396721519842,480.5135489746559
4.2399999999999975,1.1597629227559647,-4.273903920023608,16.016698331173888,6.069194310448307,6.009678853151829,0.0,2.541261232427971,-3.346788768326007,5.576211599678688,-0.10291646887683863,-0.1402732815199687,0.0,395.8791968534852,393.7413476703597,394.39842962901236,394.07143449067576
4.279999999999997,1.2640592461743236,-4.409863733097122,16.241113245109688,6.065040832529622,6.004079672217079,0.0,2.6737556544441343,-3.451357567787954,5.6439731466252665,-0.10701706377176504,-0.13913149629187593,0.0,489.91107152355863,490.0222192578633,489.93810220704216,489.4721566145156
4.319999999999996,1.3734246739438931,-4.54983357832782,16.46725780422772,6.0608338930728,5.998561574926217,0.0,2.7947186921795732,-3.547307045784462,5.662852244169637,-0.10065676829903454,-0.13487137144184447,0.0,469.9792467409108,470.4578760257788,467.7654478283563,468.4988911354543
4.359999999999995,1.4873360633960473,-4.69342387662529,16.69301537945132,6.056966686949078,5.993282473936041,0.0,2.901057235396718,-3.6323831696986866,5.624828863350962,-0.08846873969772806,-0.12549771959805078,0.0,441.3764294995145,442.51938058847605,442.93430778995713,444.42749426676505
4.399999999999994,1.6049549653159574,-4.84000975776801,16.91533756757077,6.053860780056876,5.988244119442912,0.0,2.9801128880206558,-3.697100785100497,5.491438693177497,-0.06230561759488856,-0.1274351247654127,0.0,393.43029386881943,393.1443293308612,389.6941019211904,393.3401187300575
4.439999999999993,1.7268422900276408,-4.990013008164946,17.13577162539268,6.051530490139228,5.983070485901695,0.0,3.114410556920533,-3.8031367904001936,5.529802892559805,-0.049938456310549606,-0.13767281184913183,0.0,481.62345541248374,480.44622919062084,478.7822892766035,480.18973162997236
4.479999999999992,1.8540621264520998,-5.144219535458432,17.35746050539794,6.049510371486003,5.977687870720757,0.0,3.2467607599575965,-3.907246675478968,5.554217791869349,-0.05234029499809185,-0.12772337349399254,0.0,474.5702363981779,475.69910610366503,475.8489034689071,475.5715306421409
4.519999999999992,1.9859771461267597,-5.302140887842183,17.578132096493,6.0476174674526035,5.972586810983245,0.0,3.3491892879576017,-3.988941794157662,5.4793021117664855,-0.03765988764879144,-0.12695116462156109,0.0,427.37629831703475,427.4594923423412,426.4583149824539,428.3340886506574
4.559999999999991,2.1221570647263888,-5.46344718783243,17.79620955692319,6.046093532736961,5.967870500650559,0.0,3.459986549988065,-4.076463190912909,5.424441543236414,-0.03949805342412303,-0.10398034623843792,0.0,437.40305100813345,440.25052574402406,437.55263378100204,437.3222403126295
4.59999999999999,2.262977425698381,-5.628400437710963,18.01261519636483,6.044468330709488,5.964047325441946,0.0,3.581150553533125,-4.171278731163949,5.395623959016986,-0.04470250184771065,-0.08222135228543362,0.0,450.20603093064955,452.8316722293196,452.6037090096455,451.9739650049534
4.639999999999989,2.4094796859624497,-5.797745617297468,18.23023894069193,6.042763186481681,5.960668644944015,0.0,3.74394689485543,-4.295993663040005,5.48491642793932,-0.03765099471491213,-0.09582809122445816,0.0,509.90644231460846,508.4409454903115,507.558772223136,508.3167210907201
4.679999999999988,2.5615637121289367,-5.971418803602349,18.448633876447637,6.041368889979417,5.9569624260439475,0.0,3.8603687186015248,-4.387758814293728,5.434684571972732,-0.028548881985072896,-0.08570385447191364,0.0,443.4272901874584,444.6660672970623,444.24310946150143,445.3609984164725
4.719999999999987,2.7184563799484587,-6.1488721889155356,18.665383072914494,6.0401347872862985,5.953456480291784,0.0,3.9843429800669723,-4.484978214876756,5.402571577043572,-0.04293949879449974,-0.0962709385940006,0.0,454.82343645728974,453.5455131317858,455.0342642883895,453.3021067462171
4.7599999999999865,2.8802739484696045,-6.330193157457181,18.880679297558764,6.038403563223582,5.949577962399719,0.0,4.1066349485350795,-4.581166576253914,5.362038616889427,-0.04435370397966332,-0.09926139283399997,0.0,450.6136320568369,450.24285718283164,451.2502318338169,451.0779007706284
4.799999999999986,3.0464962102605107,-6.515025829632871,19.092916103655845,6.036565282865226,5.945507425721285,0.0,4.204630537220264,-4.660617515285867,5.249866189020441,-0.05237359392701843,-0.119160480077665,0.0,415.06236457149544,412.42318967138567,414.3122896847859,413.25146426975294
4.839999999999985,3.217727042753812,-6.70379929991573,19.303604071024484,6.034544823343415,5.940706644289996,0.0,4.356990259103876,-4.778110086880843,5.283998687426472,-0.045955952617458294,-0.12295477995390938,0.0,488.23379833888026,487.79727798674253,487.4424160103174,488.16006772834356
4.879999999999984,3.3945418421528495,-6.89691978356288,19.514153039227363,6.032725837540056,5.9363095260269105,0.0,4.483872840068438,-4.878012037292317,5.24320325371622,-0.04411567337794648,-0.09311770492450011,0.0,451.9397091136745,455.5221712681666,453.004921916,453.22574183193893
4.919999999999983,3.575630153626484,-7.0934917381405,19.720843078171082,6.031243379302731,5.932773836189419,0.0,4.570713135934497,-4.950770280052828,5.091502375253339,-0.02501868852740287,-0.07911955518453638,0.0,393.5956519224524,395.5270290768514,392.57139435389985,395.2204130904703
4.959999999999982,3.7613783950388657,-7.293793611536185,19.924569069746024,6.030263197750543,5.92950914508539,0.0,4.716696990757626,-5.064366325704547,5.094428364280707,-0.02305828650220144,-0.09833608928063864,0.0,477.52829685635186,475.31854514472224,474.05301439468434,474.2789365049998
4.999999999999981,3.952505160678596,-7.49833251659587,20.127140276164674,6.0292896038957196,5.92555734984769,0.0,4.839734981856202,-5.1626692317649665,5.033980274142709,-0.029095283777717376,-0.10026335710212693,0.0,445.69777955589865,445.45300894883064,444.8464853524609,444.1040347523474
5.0399999999999805,4.148718882007252,-7.706919685377782,20.327658023742654,6.028084803808083,5.921596814367268,0.0,4.971025602566817,-5.2667732031025665,4.991670228634851,-0.03373100192249957,-0.0957700030756712,0.0,455.09816061186575,455.62929140240493,454.8883497385288,454.3307405051042
